
2024 
""




20251 ® 2025  ()  -- ()

|0



2024

20241 "" 13132 9.5 1664533








 



 



 





271

2022



384

/ 485

/ 3.86

/

/ 1600

/ 6.54

/



319

2023



495

17.71% 661 28.91% 2130

36.29% 51.56 1235.75% 33.13% 42.54 550.46%



166

-47.96% 174 -73.68% 2.07 -95.99%

2024



453

-8.5% 1139 -46.53% 7.48 -82.42%

202420232022  17.97%14.37%

1           " "     2          3    

® 2025  ()  -- ()

|1



2024

2024 14915866.421844
  2423 22








 



 



 




2022


231 1213

/

201

/

984

/

1107.51

/

/

4036.60

/


2023


301 1680

30.30% 301

49.75% 1227.01 10.79%

38.50% 1269 28.96% 5623.40 39.31%


2024


128 1716

-57.48% 128

-57.48% 486.02 -60.39%

2.14% 1363

7.40% 5380.40 -4.32%

® 2025  ()  -- ()

|2



2024



TOP311 /

2024/Top1 6724311 941.1

 TOP1

 TOP1

 TOP1

4 TOP1

6724

68

1242

94

 TOP1

 TOP1

4 TOP1

7012

11.7 1.1

 TOP1

311

2024/Top1 44630 271269

 TOP1

 TOP1

 TOP1

5 TOP1

446

11 12124  27

 TOP1

 TOP1

5 TOP1

531 12 5665 1269

 TOP1

30

4/             

® 2025  ()  -- ()

|3



2024



TOP12

2024949089 1130451404718



TOP3



120

Top1





90



Top2

 

60

 Top2



30

Top3

 Top3
  Top1

0

0

2000

4000



6000

8000



10000

12000 



12

202412 

 

 





 

10 5 58
0.28 2.52

11 8 56
1.57 2.28

12 7
117 0.60 5.07

 20 231 2.45 9.87

® 2025  ()  -- ()

|4





2024 

2024 17473.68% 2024 2.0795.99% 4795.13446.6 39.81%
2024113946.53% 20247.4882.42% 1.241.48 36.37%





 174   2.07
 1387
5119 /

 1139   7.48
 6724   66 /

 

 





 

 /

 

69

 

6

  40

 

445

4795.1 3446.6 12360.5 14845.3

432.7 768.5 6724.0 992.0

69.5 574.4 309.0 33.4

5    

® 2025  ()  -- ()

|5



 - 

2024 110166
----10

 

2024



1



166

-35.91%

2



3



79

-2.47%

73

-35.96%

4



53

-17.19%

5



48

-11.11%

6



47

-35.62%

7



42

-26.32%

8



14

-26.32%

9



13

-31.58%

10



10

900.00%

® 2025  ()  -- ()

|6



 - 

2024               445      20234.95%
----10

 

2024



1



445

4.95%

2



230

2.68%

3



172

-36.06%

4



82

-8.89%

5



74

-35.09%

6 

64

-36.00%

7



64

-24.71%

8



47

-37.33%

9



43

-24.56%

10



15

-25.00%

® 2025  ()  -- ()

|7



 - 

2024 1.52023 202316.54%

----10

 

2024



1



1.50 -41.40%

2



1.48

16.54%

3



1.26

-75.63%

4



1.09

-53.22%

5



0.66

-8.33%

6 

0.65

-86.73%

7



0.42

-25.00%

8



9



10



0.34

-35.85%

0.34

/

0.32

-99.57%

® 2025  ()  -- ()

|8





 43410966.74  

 

 

 

                       

2022 2023 2024 2022 2023 2024 2022 2023 2024

298 376

108 126

197 220

65 77

25 30

153 198

9

7

13 10

2

3

11

8

7

6

1

0

4

0

0

0

3

4

16 24

15 13

14 20

6

3

3

8

255 412

78 111

97 225

28 66

15 25

179 524

3

9

12 13

1

3

6 11

7

7

1

1

2

4

0

0

1

3

17 18

7 15

12 14

10

6

13

3

486 337

134 83

239 103

78 31

30 16

737 759

9

4

10 12

3

1

8

6

6

7

0

1

0

2

0

0

4

2

24 21

13

7

20 12

3 10

8 13

4.79 13.20 4.42

1.77 3.16 0.95

2.98 5.29 1.15

0.44 0.61 0.19

0.54 2.96 1.01

1.46 2.12 2.32

0.07 0.08 0.08

0.02 0.08 0.17

0.01 0.00 0.0001

0.01 0.01 0.0075

0.32 0.16 0.27

0.04

0 0.01

0.2

0 0.07

0

0

0

0.23 0.08 0.05

0.40 0.61 0.36

0.63 47.16 0.05

0.60 25.23 0.34

0.22 0.01 0.37

0.15 26.52 0.37

® 2025  ()  -- ()

|9





2024   2025

  

  







...



1104







"" 

2025 

"" 
 

® 2025  ()  -- () 

| 10

 ""

"" 2021   15 6106100 

2021.12 2022.12 2022.8 2023.1 2023.4 2023.9
2023.12 2024.4 2024.5 2024.7 2024.12 2025.3

 ""V1.0   EAST/1104""V2.0 +   10 1104/EAST/V2.0 10 "1+3" "3"

® 2025  ()  -- () 

| 11



 4 



 





""1104EAST ""3



 



11 



"" 

 11044 

84 

150+ 8

 1104





 


 


  



2 4 5 7

...

® 2025  ()  -- () 

| 12



     

Ę  
Ę  

Ę "" Ę 
 Ę --


 
Ę  
Ę  

® 2025  ()  -- () 

| 13

 Ł 

 

 

  







......

 

 



 







 
   
 /
 /AB









® 2025  ()  -- () 

| 14

 Ł 

 

  






   



1104







EAST+ 

+ 



 ""

  


1104

 




E AST+ + 



 










EAST++
 

 

Ę  
Ę  /
Ę  

 

Ę  
Ę   

® 2025  ()  -- () 

| 15

 Ł 

 
  







 -


 -



 
 





...



 

 

 

 

 

  

® 2025  ()  -- () 

| 16



20  


  +86 (21) 2212 2705 tony.cheung@kpmg.com

  +86 (10) 8508 5433 felix.chen@kpmg.com


  +86 (21) 2212 3637 richard.zhang@kpmg.com

   +86 (10) 8508 5318 hank.zhang@kpmg.com



® 2025  ()  -- () 

| 17

kpmg.com/cn/socialmedia
 https://home.kpmg/cn/zh/home/about/offices.html       ® 2025  ()  -- ( )  

